
# On stocke d'abord les données de toutes les chansons dans des vecteurs
# Ils sont tous de taille 160
GeoffreyC1<- c(0,1,17,32,8,6,0,0,0,0,5,26,24,7,2,0,0,0,0,2,30,26,6,0,0,0,0,3,35,25,1,0,0,0,0,3,29,26,4,2,7,26,18,7,4,1,1,0,6,29,16,9,3,1,0,0,12,30,22,0,0,0,0,0,0,19,35,10,0,0,0,0,4,28,31,1,0,0,0,0,2,19,25,12,2,0,3,1,7,23,20,9,4,1,0,0,13,24,25,2,0,0,0,0,2,24,35,3,0,0,0,0,20,31,11,1,1,0,0,0,0,1,22,24,11,3,3,0,0,0,5,28,24,5,0,2,0,0,0,3,28,24,5,4,0,0,0,1,15,45,3,0,0,0,0,0,5,33,24,2)
GeoffreyC2<- c(0,1,8,19,17,12,4,1,0,0,2,18,20,14,6,2,0,0,0,3,11,39,5,4,0,0,0,5,25,28,4,0,0,0,0,2,31,26,3,0,7,14,15,11,9,6,0,0,1,21,16,17,5,1,1,0,4,30,25,3,0,0,0,0,0,15,42,5,0,0,0,0,0,33,29,0,0,0,0,0,4,19,14,13,6,4,0,2,0,21,18,13,9,1,0,0,7,29,20,6,0,0,0,0,5,36,19,2,0,0,0,0,14,42,6,0,0,0,0,0,0,0,5,24,14,12,5,2,0,0,1,13,23,15,7,3,0,0,0,1,16,31,10,4,0,0,0,0,11,28,20,3,0,0,0,0,3,27,28,4)
GeoffreyC3<- c(0,1,8,21,14,9,6,2,0,0,1,17,25,8,6,4,0,0,1,3,22,30,4,1,0,0,0,5,23,30,3,0,0,0,1,11,19,28,2,0,3,20,16,13,2,5,2,0,5,20,16,15,5,0,0,0,7,32,19,3,0,0,0,0,0,9,50,2,0,0,0,0,0,23,38,0,0,0,0,0,6,20,17,10,4,3,1,0,6,21,20,10,3,1,0,0,4,35,16,6,0,0,0,0,3,29,26,3,0,0,0,0,9,33,19,0,0,0,0,0,0,0,8,27,10,6,10,0,0,0,2,21,20,8,8,2,0,0,0,4,22,27,7,1,0,0,0,1,20,33,7,0,0,0,0,3,11,31,16,0)
GeoffreyC4<- c(0,1,13,28,10,5,3,1,0,0,3,23,28,4,3,0,0,0,0,3,27,28,3,0,0,0,0,8,39,11,2,1,0,0,0,12,29,18,2,0,5,24,18,10,2,2,0,0,3,27,23,6,0,2,0,0,12,29,19,1,0,0,0,0,3,23,29,6,0,0,0,0,0,17,43,1,0,0,0,0,6,24,19,6,4,2,0,0,4,30,20,5,2,0,0,0,8,35,12,5,1,0,0,0,3,31,26,1,0,0,0,0,15,28,18,0,0,0,0,0,0,0,12,36,9,2,2,0,0,0,2,25,26,7,1,0,0,0,0,1,36,20,4,0,0,0,0,1,36,16,7,1,0,0,0,2,29,26,4,0)
GeoffreyG1<- c(0,3,32,21,6,0,0,1,0,0,2,22,26,6,6,1,0,0,0,5,30,21,7,0,0,3,43,17,0,0,0,0,0,15,47,1,0,0,0,0,5,32,16,6,1,3,0,0,5,17,30,8,2,1,0,0,2,27,28,4,1,1,0,0,11,48,4,0,0,0,0,0,9,37,17,0,0,0,0,0,6,36,19,0,0,2,0,0,6,31,18,7,1,0,0,0,0,31,30,2,0,0,0,0,36,27,0,0,0,0,0,0,38,24,1,0,0,0,0,0,0,6,32,20,3,1,0,1,0,1,7,21,21,11,1,1,0,0,1,8,36,18,0,0,0,1,32,30,0,0,0,0,0,10,42,11,0,0,0,0)
GeoffreyG2<- c(0,2,29,23,7,2,0,0,0,0,2,28,22,9,0,2,0,0,0,10,35,13,5,0,0,1,30,23,4,2,2,1,0,11,35,11,1,3,1,1,15,36,6,3,0,1,2,0,11,27,18,2,3,2,0,0,1,25,35,2,0,0,0,0,5,48,9,1,0,0,0,0,0,49,11,1,2,0,0,0,3,20,16,14,3,7,0,0,1,18,20,17,4,2,1,0,1,16,29,11,6,0,0,0,10,43,6,4,0,0,0,0,22,35,3,2,1,0,0,0,0,2,30,24,5,2,0,0,0,0,3,20,27,10,2,1,0,0,0,9,38,14,2,0,0,0,30,25,4,1,1,2,0,3,38,16,2,2,1,1)
GeoffreyG3<- c(0,3,25,26,4,4,1,0,0,0,0,18,32,7,5,1,0,0,0,9,31,20,3,0,0,3,45,13,2,0,0,0,0,16,42,3,2,0,0,0,6,35,18,0,0,4,0,0,3,31,22,5,0,2,0,0,4,22,36,1,0,0,0,0,4,58,1,0,0,0,0,0,0,44,19,0,0,0,0,0,8,26,20,5,3,1,0,0,7,23,27,3,3,0,0,0,1,23,38,1,0,0,0,0,38,25,0,0,0,0,0,0,29,34,0,0,0,0,0,0,0,2,37,15,4,5,0,0,0,0,5,21,21,11,3,2,0,0,0,9,35,14,4,1,0,2,40,19,1,1,0,0,0,14,42,6,1,0,0,0)
GeoffreyG4<- c(0,3,19,26,12,1,4,1,0,0,1,11,25,23,6,0,0,0,0,4,7,20,28,7,0,0,25,29,12,0,0,0,0,0,34,28,3,1,0,0,0,0,1,3,5,6,3,48,0,0,3,4,8,1,50,0,0,1,2,8,52,3,0,0,0,0,11,4,3,1,47,0,0,0,7,7,3,49,0,0,3,9,28,8,6,2,8,2,1,18,23,11,8,2,1,2,1,19,33,10,3,0,0,0,19,45,2,0,0,0,0,0,23,43,0,0,0,0,0,0,0,0,30,20,7,4,4,1,0,0,1,8,25,26,6,0,0,0,0,1,8,18,24,15,0,0,18,36,8,0,4,0,0,4,23,31,4,2,1,1)
GeoffreyV1<- c(0,2,16,43,2,0,1,0,0,0,1,16,34,12,0,1,0,0,0,4,21,28,11,0,0,0,1,24,32,7,0,0,0,0,2,41,18,2,1,0,12,30,16,2,3,1,0,0,3,23,28,8,1,1,0,0,2,33,29,0,0,0,0,0,0,33,29,2,0,0,0,0,4,38,22,0,0,0,0,0,8,32,15,5,3,1,0,0,2,20,32,10,0,0,0,0,4,26,30,4,0,0,0,0,5,36,21,2,0,0,0,0,25,26,13,0,0,0,0,0,0,2,26,33,3,0,0,0,0,0,0,14,42,8,0,0,0,0,0,6,17,23,18,0,0,0,0,5,38,17,4,0,0,0,0,8,34,22,0,0)
GeoffreyV2<- c(0,0,18,25,14,3,2,0,0,0,1,20,27,9,3,2,0,0,1,8,32,17,1,3,0,0,0,9,40,12,1,0,0,0,2,20,34,6,0,0,12,32,13,1,2,2,0,0,4,25,26,5,2,0,0,0,8,35,18,1,0,0,0,0,1,24,33,4,0,0,0,0,5,41,15,1,0,0,0,0,3,25,26,4,0,4,0,0,1,22,27,10,2,0,0,0,6,25,24,6,1,0,0,0,3,37,20,2,0,0,0,0,21,36,5,0,0,0,0,0,0,0,19,21,17,4,1,0,0,0,0,16,27,15,2,2,0,0,0,7,26,23,5,1,0,0,0,0,20,36,6,0,0,0,0,0,15,37,10,0)
GeoffreyV3<- c(0,2,9,22,10,10,5,5,0,0,0,13,26,10,8,6,0,0,0,3,18,28,13,1,0,0,0,7,37,16,3,0,0,0,1,17,33,10,2,0,8,26,6,7,14,2,0,0,1,18,22,16,6,0,0,0,4,23,31,5,0,0,0,0,1,26,34,2,0,0,0,0,1,34,25,3,0,0,0,0,4,13,16,10,10,9,1,0,1,11,23,16,7,5,0,0,0,19,31,12,1,0,0,0,0,23,34,6,0,0,0,0,17,32,14,0,0,0,0,0,0,0,14,20,14,7,7,1,0,0,0,9,35,6,6,7,0,0,0,4,25,26,7,1,0,0,0,1,27,23,11,1,0,0,0,3,29,23,7,1)
GeoffreyV4<- c(0,0,24,18,7,6,3,4,0,0,1,18,26,8,5,4,0,0,0,5,16,26,10,5,0,0,0,5,38,14,5,0,0,0,0,6,31,21,4,0,13,28,9,5,3,3,1,0,5,29,16,7,4,1,0,0,7,37,16,2,0,0,0,0,2,26,32,2,0,0,0,0,0,23,34,5,0,0,0,0,6,22,19,5,6,3,1,0,1,17,29,8,6,1,0,0,1,24,30,7,0,0,0,0,7,34,21,0,0,0,0,0,18,35,9,0,0,0,0,0,0,2,25,16,7,6,4,2,0,0,1,20,25,7,8,1,0,0,1,4,28,20,6,3,0,0,0,0,21,29,8,4,0,0,0,0,11,37,8,6)
GeoffreyM1<- c(0,0,10,36,15,1,2,3,0,0,2,17,31,11,5,1,0,0,0,4,16,28,18,1,0,0,6,56,4,1,0,0,0,0,1,48,17,1,0,0,2,20,23,7,6,4,5,0,3,26,23,7,3,3,2,0,7,30,20,7,3,0,0,0,8,54,5,0,0,0,0,0,0,49,18,0,0,0,0,0,1,25,18,6,3,11,3,0,11,22,17,7,5,5,0,0,8,31,23,4,1,0,0,0,30,34,3,0,0,0,0,0,17,43,6,1,0,0,0,0,0,1,12,32,17,3,1,1,0,0,3,7,41,13,2,1,0,0,0,4,11,41,9,2,0,0,8,47,11,1,0,0,0,0,1,35,29,2,0,0)
GeoffreyM2<- c(0,0,10,25,7,3,0,0,0,0,1,15,23,5,1,0,0,0,0,2,6,29,7,1,0,0,7,37,1,0,0,0,0,0,0,32,13,0,0,0,0,18,19,6,1,1,0,0,9,16,13,6,1,0,0,0,5,24,13,3,0,0,0,0,5,37,3,0,0,0,0,0,0,42,3,0,0,0,0,0,6,17,15,5,2,0,0,0,6,24,10,5,0,0,0,0,10,23,10,2,0,0,0,0,14,31,0,0,0,0,0,0,11,34,0,0,0,0,0,0,0,0,14,19,9,3,0,0,0,0,0,12,27,3,3,0,0,0,0,0,6,30,9,0,0,0,8,33,4,0,0,0,0,0,2,38,5,0,0,0)
GeoffreyM3<- c(0,0,3,30,18,10,3,0,0,0,3,21,19,16,3,2,0,0,0,2,14,31,15,2,0,0,6,54,4,0,0,0,0,0,2,46,16,0,0,0,1,15,24,20,3,0,1,0,8,17,29,8,1,1,0,0,10,23,26,5,0,0,0,0,8,52,4,0,0,0,0,0,2,59,3,0,0,0,0,0,1,20,25,12,4,2,0,0,9,22,19,11,3,0,0,0,11,24,24,5,0,0,0,0,22,42,0,0,0,0,0,0,16,48,0,0,0,0,0,0,0,0,4,30,15,13,2,0,0,0,1,23,23,9,6,2,0,0,0,3,13,26,17,5,0,0,15,48,1,0,0,0,0,0,0,57,7,0,0,0)
GeoffreyM4<- c(0,0,4,28,19,10,0,2,0,0,0,19,26,13,4,1,0,0,0,1,14,38,8,2,0,0,11,39,8,2,2,1,0,0,2,43,10,4,2,2,2,18,21,10,4,6,2,0,6,21,15,12,7,2,0,0,6,31,20,6,0,0,0,0,9,45,6,2,1,0,0,0,2,45,13,0,2,1,0,0,1,17,20,12,10,3,0,0,7,19,21,13,3,0,0,0,8,31,17,7,0,0,0,0,25,38,0,0,0,0,0,0,15,39,8,1,0,0,0,0,0,0,6,24,25,3,3,2,0,0,3,10,29,15,6,0,0,0,0,1,11,38,9,4,0,0,3,46,10,4,0,0,0,0,2,42,12,4,2,1)

MathildeC1<- c(0,1,15,32,5,6,0,0,0,0,15,28,11,5,0,0,0,4,6,23,17,7,2,0,0,1,24,32,2,0,0,0,0,0,23,36,0,0,0,0,0,0,0,6,20,23,10,0,0,2,13,8,9,16,10,1,1,6,10,7,11,18,4,2,0,28,27,4,0,0,0,0,1,25,32,1,0,0,0,0,6,12,10,13,9,6,3,0,4,9,12,12,14,6,2,0,4,7,14,10,12,10,0,2,20,28,11,0,0,0,0,0,21,36,2,0,0,0,0,0,0,3,24,23,4,5,0,0,0,0,20,25,7,7,0,0,0,2,4,18,20,8,5,2,0,5,32,19,3,0,0,0,0,2,39,17,1,0,0,0)
MathildeC2<- c(0,0,0,0,0,58,0,0,0,0,0,0,58,0,0,0,0,0,0,58,0,0,0,0,0,0,0,0,0,58,0,0,0,0,0,0,0,0,58,0,0,0,0,2,11,30,14,1,0,0,1,9,12,25,9,2,0,0,4,21,16,7,8,2,3,8,31,6,10,0,0,0,1,27,17,12,1,0,0,0,0,0,0,2,28,7,20,1,0,0,1,2,40,10,5,0,0,1,7,5,11,12,21,1,0,0,0,11,9,4,10,24,0,0,0,1,17,11,2,27,0,0,4,19,19,13,3,0,0,5,2,17,16,16,2,0,0,0,0,17,17,10,9,5,0,0,23,26,7,2,0,0,0,0,26,26,6,0,0,0)
MathildeC3<- c(0,6,11,14,7,7,1,12,0,2,7,20,11,4,2,12,0,0,5,15,19,2,4,13,0,0,11,45,2,0,0,0,0,0,7,45,6,0,0,0,0,12,11,15,10,4,6,0,1,13,10,16,11,0,7,0,2,11,16,9,9,7,3,1,13,28,16,0,1,0,0,0,6,32,17,2,1,0,0,0,8,9,5,8,8,14,6,0,5,13,4,4,7,12,9,4,3,14,4,7,11,7,6,6,1,15,37,2,1,2,0,0,3,21,29,5,0,0,0,0,0,1,17,6,8,8,18,0,0,0,9,13,10,11,15,0,1,0,2,11,16,10,17,1,0,2,19,20,17,0,0,0,0,0,14,30,14,0,0,0)
MathildeC4<- c(0,2,20,25,9,3,1,0,0,1,10,29,16,2,1,1,0,3,4,20,20,8,2,3,0,1,37,22,0,0,0,0,0,0,23,37,0,0,0,0,2,1,5,4,22,15,11,0,1,5,2,13,13,19,7,0,2,7,5,19,17,6,4,0,19,36,5,0,0,0,0,0,24,33,3,0,0,0,0,0,0,0,0,0,3,44,9,4,0,0,0,2,8,48,2,0,0,0,1,3,41,11,4,0,0,2,11,8,0,0,0,39,0,17,4,0,0,0,0,39,0,5,28,19,7,1,0,0,0,6,14,22,16,2,0,0,0,1,13,9,22,13,2,0,0,10,40,8,2,0,0,0,2,7,41,10,0,0,0,0)
